At time 1696958820.42751579
- Translation: [0.246, 0.008, 0.000]
- Rotation: in Quaternion [0.000, 0.000, -0.803, 0.596]
- Rotation: in RPY (radian) [0.000, 0.000, -1.865]
- Rotation: in RPY (degree) [0.000, 0.000, -106.833]
- Matrix:
 -0.290  0.957  0.000  0.246
 -0.957 -0.290 -0.000  0.008
 -0.000  0.000  1.000  0.000
  0.000  0.000  0.000  1.000
At time 1696958821.35183949
- Translation: [0.123, 0.002, 0.000]
- Rotation: in Quaternion [0.000, 0.000, -0.813, 0.583]
- Rotation: in RPY (radian) [0.000, 0.000, -1.897]
- Rotation: in RPY (degree) [0.000, 0.000, -108.696]
- Matrix:
 -0.321  0.947  0.000  0.123
 -0.947 -0.321 -0.000  0.002
 -0.000  0.000  1.000  0.000
  0.000  0.000  0.000  1.000
At time 1696958822.42595431
- Translation: [0.888, -1.646, 0.000]
- Rotation: in Quaternion [0.000, 0.000, -0.482, 0.876]
- Rotation: in RPY (radian) [0.000, 0.000, -1.006]
- Rotation: in RPY (degree) [0.000, 0.000, -57.634]
- Matrix:
  0.535  0.845  0.000  0.888
 -0.845  0.535 -0.000 -1.646
 -0.000  0.000  1.000  0.000
  0.000  0.000  0.000  1.000
At time 1696958823.35055453
- Translation: [2.596, -0.257, 0.000]
- Rotation: in Quaternion [0.000, 0.000, 0.001, 1.000]
- Rotation: in RPY (radian) [0.000, -0.000, 0.003]
- Rotation: in RPY (degree) [0.000, -0.000, 0.171]
- Matrix:
  1.000 -0.003  0.000  2.596
  0.003  1.000  0.000 -0.257
  0.000  0.000  1.000  0.000
  0.000  0.000  0.000  1.000
At time 1696958824.42348285
- Translation: [2.047, 0.048, 0.000]
- Rotation: in Quaternion [0.000, 0.000, 0.661, 0.750]
- Rotation: in RPY (radian) [0.000, -0.000, 1.445]
- Rotation: in RPY (degree) [0.000, -0.000, 82.795]
- Matrix:
  0.125 -0.992  0.000  2.047
  0.992  0.125  0.000  0.048
  0.000  0.000  1.000  0.000
  0.000  0.000  0.000  1.000
At time 1696958825.34292479
- Translation: [0.522, 0.977, 0.000]
- Rotation: in Quaternion [0.000, 0.000, 0.853, 0.523]
- Rotation: in RPY (radian) [0.000, -0.000, 2.042]
- Rotation: in RPY (degree) [0.000, -0.000, 116.977]
- Matrix:
 -0.454 -0.891  0.000  0.522
  0.891 -0.454  0.000  0.977
  0.000  0.000  1.000  0.000
  0.000  0.000  0.000  1.000
At time 1696958826.43174426
- Translation: [1.224, 2.437, 0.000]
- Rotation: in Quaternion [0.000, 0.000, 0.551, 0.834]
- Rotation: in RPY (radian) [0.000, -0.000, 1.168]
- Rotation: in RPY (degree) [0.000, -0.000, 66.931]
- Matrix:
  0.392 -0.920  0.000  1.224
  0.920  0.392  0.000  2.437
  0.000  0.000  1.000  0.000
  0.000  0.000  0.000  1.000
At time 1696958827.34858908
- Translation: [2.445, 0.741, 0.000]
- Rotation: in Quaternion [0.000, 0.000, 0.346, 0.938]
- Rotation: in RPY (radian) [0.000, -0.000, 0.706]
- Rotation: in RPY (degree) [0.000, -0.000, 40.462]
- Matrix:
  0.761 -0.649  0.000  2.445
  0.649  0.761  0.000  0.741
  0.000  0.000  1.000  0.000
  0.000  0.000  0.000  1.000
At time 1696958828.42208441
- Translation: [1.197, 0.450, 0.000]
- Rotation: in Quaternion [0.000, 0.000, 0.808, 0.589]
- Rotation: in RPY (radian) [0.000, -0.000, 1.882]
- Rotation: in RPY (degree) [0.000, -0.000, 107.823]
- Matrix:
 -0.306 -0.952  0.000  1.197
  0.952 -0.306  0.000  0.450
  0.000  0.000  1.000  0.000
  0.000  0.000  0.000  1.000
At time 1696958829.50281018
- Translation: [1.142, 1.563, 0.000]
- Rotation: in Quaternion [0.000, 0.000, 0.564, 0.826]
- Rotation: in RPY (radian) [0.000, -0.000, 1.197]
- Rotation: in RPY (degree) [0.000, -0.000, 68.608]
- Matrix:
  0.365 -0.931  0.000  1.142
  0.931  0.365  0.000  1.563
  0.000  0.000  1.000  0.000
  0.000  0.000  0.000  1.000
At time 1696958830.42559770
- Translation: [2.825, 1.112, 0.000]
- Rotation: in Quaternion [0.000, 0.000, 0.173, 0.985]
- Rotation: in RPY (radian) [0.000, -0.000, 0.348]
- Rotation: in RPY (degree) [0.000, -0.000, 19.938]
- Matrix:
  0.940 -0.341  0.000  2.825
  0.341  0.940  0.000  1.112
  0.000  0.000  1.000  0.000
  0.000  0.000  0.000  1.000
At time 1696958831.50340513
- Translation: [3.241, 0.234, 0.000]
- Rotation: in Quaternion [0.000, 0.000, -0.001, 1.000]
- Rotation: in RPY (radian) [0.000, 0.000, -0.002]
- Rotation: in RPY (degree) [0.000, 0.000, -0.092]
- Matrix:
  1.000  0.002  0.000  3.241
 -0.002  1.000 -0.000  0.234
 -0.000  0.000  1.000  0.000
  0.000  0.000  0.000  1.000
At time 1696958832.42516355
- Translation: [3.382, -0.086, 0.000]
- Rotation: in Quaternion [0.000, 0.000, -0.035, 0.999]
- Rotation: in RPY (radian) [0.000, 0.000, -0.071]
- Rotation: in RPY (degree) [0.000, 0.000, -4.066]
- Matrix:
  0.997  0.071  0.000  3.382
 -0.071  0.997 -0.000 -0.086
 -0.000  0.000  1.000  0.000
  0.000  0.000  0.000  1.000
At time 1696958833.34372665
- Translation: [3.377, -0.118, 0.000]
- Rotation: in Quaternion [0.000, 0.000, -0.025, 1.000]
- Rotation: in RPY (radian) [0.000, 0.000, -0.049]
- Rotation: in RPY (degree) [0.000, 0.000, -2.827]
- Matrix:
  0.999  0.049  0.000  3.377
 -0.049  0.999 -0.000 -0.118
 -0.000  0.000  1.000  0.000
  0.000  0.000  0.000  1.000
At time 1696958834.42235612
- Translation: [2.812, -0.050, 0.000]
- Rotation: in Quaternion [0.000, 0.000, -0.412, 0.911]
- Rotation: in RPY (radian) [0.000, 0.000, -0.848]
- Rotation: in RPY (degree) [0.000, 0.000, -48.608]
- Matrix:
  0.661  0.750  0.000  2.812
 -0.750  0.661 -0.000 -0.050
 -0.000  0.000  1.000  0.000
  0.000  0.000  0.000  1.000
At time 1696958835.50344435
- Translation: [1.223, -0.474, 0.000]
- Rotation: in Quaternion [0.000, 0.000, -0.845, 0.534]
- Rotation: in RPY (radian) [0.000, 0.000, -2.015]
- Rotation: in RPY (degree) [0.000, 0.000, -115.425]
- Matrix:
 -0.429  0.903  0.000  1.223
 -0.903 -0.429 -0.000 -0.474
 -0.000  0.000  1.000  0.000
  0.000  0.000  0.000  1.000
At time 1696958836.42628733
- Translation: [0.874, -1.496, 0.000]
- Rotation: in Quaternion [0.000, 0.000, -0.628, 0.778]
- Rotation: in RPY (radian) [0.000, 0.000, -1.358]
- Rotation: in RPY (degree) [0.000, 0.000, -77.798]
- Matrix:
  0.211  0.977  0.000  0.874
 -0.977  0.211 -0.000 -1.496
 -0.000  0.000  1.000  0.000
  0.000  0.000  0.000  1.000
At time 1696958837.34263856
- Translation: [2.393, -1.150, 0.000]
- Rotation: in Quaternion [0.000, 0.000, -0.205, 0.979]
- Rotation: in RPY (radian) [0.000, 0.000, -0.414]
- Rotation: in RPY (degree) [0.000, 0.000, -23.709]
- Matrix:
  0.916  0.402  0.000  2.393
 -0.402  0.916 -0.000 -1.150
 -0.000  0.000  1.000  0.000
  0.000  0.000  0.000  1.000
At time 1696958838.43155521
- Translation: [1.810, -0.352, 0.000]
- Rotation: in Quaternion [0.000, 0.000, -0.437, 0.899]
- Rotation: in RPY (radian) [0.000, 0.000, -0.905]
- Rotation: in RPY (degree) [0.000, 0.000, -51.874]
- Matrix:
  0.617  0.787  0.000  1.810
 -0.787  0.617 -0.000 -0.352
 -0.000  0.000  1.000  0.000
  0.000  0.000  0.000  1.000
At time 1696958839.34179921
- Translation: [0.932, -0.083, 0.000]
- Rotation: in Quaternion [0.000, 0.000, -0.784, 0.621]
- Rotation: in RPY (radian) [0.000, 0.000, -1.801]
- Rotation: in RPY (degree) [0.000, 0.000, -103.165]
- Matrix:
 -0.228  0.974  0.000  0.932
 -0.974 -0.228 -0.000 -0.083
 -0.000  0.000  1.000  0.000
  0.000  0.000  0.000  1.000
At time 1696958840.42363454
- Translation: [1.003, -1.565, 0.000]
- Rotation: in Quaternion [0.000, 0.000, -0.564, 0.826]
- Rotation: in RPY (radian) [0.000, 0.000, -1.198]
- Rotation: in RPY (degree) [0.000, 0.000, -68.613]
- Matrix:
  0.365  0.931  0.000  1.003
 -0.931  0.365 -0.000 -1.565
 -0.000  0.000  1.000  0.000
  0.000  0.000  0.000  1.000
At time 1696958841.34612236
- Translation: [2.643, -1.140, 0.000]
- Rotation: in Quaternion [0.000, 0.000, -0.181, 0.984]
- Rotation: in RPY (radian) [0.000, 0.000, -0.363]
- Rotation: in RPY (degree) [0.000, 0.000, -20.819]
- Matrix:
  0.935  0.355  0.000  2.643
 -0.355  0.935 -0.000 -1.140
 -0.000  0.000  1.000  0.000
  0.000  0.000  0.000  1.000
At time 1696958842.42358124
- Translation: [1.996, -0.227, 0.000]
- Rotation: in Quaternion [0.000, 0.000, 0.010, 1.000]
- Rotation: in RPY (radian) [0.000, -0.000, 0.020]
- Rotation: in RPY (degree) [0.000, -0.000, 1.135]
- Matrix:
  1.000 -0.020  0.000  1.996
  0.020  1.000  0.000 -0.227
  0.000  0.000  1.000  0.000
  0.000  0.000  0.000  1.000
At time 1696958843.35044185
- Translation: [1.011, -0.050, 0.000]
- Rotation: in Quaternion [0.000, 0.000, 0.067, 0.998]
- Rotation: in RPY (radian) [0.000, -0.000, 0.135]
- Rotation: in RPY (degree) [0.000, -0.000, 7.724]
- Matrix:
  0.991 -0.134  0.000  1.011
  0.134  0.991  0.000 -0.050
  0.000  0.000  1.000  0.000
  0.000  0.000  0.000  1.000
At time 1696958844.42562763
- Translation: [0.499, -0.012, 0.000]
- Rotation: in Quaternion [0.000, 0.000, 0.092, 0.996]
- Rotation: in RPY (radian) [0.000, -0.000, 0.185]
- Rotation: in RPY (degree) [0.000, -0.000, 10.598]
- Matrix:
  0.983 -0.184  0.000  0.499
  0.184  0.983  0.000 -0.012
  0.000  0.000  1.000  0.000
  0.000  0.000  0.000  1.000
